34,22
34,21
34,6
34,20
34,5
0,534
0,472
34,16
34,13
34,12
34,11
34,10
34,9
34,8
34,7
34,14
34,15
10,20
10,287
10,199
10,164
10,128
36,7
36,6
36,5
36,4
36,3
36,2
10,295
36,1
35,5
35,4
35,3
35,2
10,175
10,2
10,3
35,1
34,19
34,18
34,17
34,4
34,3
34,2
9,7
9,1
9,5
34,1
34,0
32,5
32,4
32,3
8,13
8,5
8,17
8,9
8,6
8,3
32,1
30,4
30,3
30,2
30,1
29,5
29,4
29,3
29,1
28,5
28,4
28,3
28,1
27,5
27,4
27,3
27,2
27,1
26,4
26,3
26,1
20,2
20,1
12,3
12,2
20,3
19,2
19,1
12,1
11,28
11,27
11,26
11,25
11,24
11,23
11,22
11,21
11,20
11,19
11,18
11,17
11,16
11,15
11,14
19,3
11,13
11,12
11,11
11,10
11,9
11,8
11,7
11,6
11,5
11,3
11,2
11,1
10,298
10,296
10,286
10,279
10,278
10,276
10,268
10,265
10,264
10,263
